((("$levels" .
   [2 0 0 0 0 0 0])
  ("$level" .
   [1 0 0 0 0 0])
  ("to" .
   [1 0])
  ("$ind" .
   [7 0 0 0])
  ("address" .
   [0 0 0 0 0 1 0])
  ("stupid_circle" .
   [0 0 1 0 0 0 0 0 0 0 0 0 0])
  ("target" .
   [2 0 0 1 0 0])
  ("toString" .
   [0 0 0 0 0 1 0 0])
  ("make_matrix" .
   [0 0 0 0 1 1 0 0 0 0 0])
  ("nodes" .
   [2 0 0 1 0])
  ("Array" .
   [0 0 0 1 1])
  ("cos" .
   [2 0 0])
  ("pows" .
   [6 0 0 0])
  ("edges" .
   [1 0 1 0 0])
  ("node" .
   [1 0 0 0])
  ("source" .
   [4 0 0 2 1 0])
  ("ac-use-fuzzy" .
   [0 0 0 0 0 0 1 0 0 0 0 0])
  ("$name" .
   [1 0 0 1 0])
  ("$group" .
   [0 0 0 2 0 0])
  ("$size_groups" .
   [0 0 0 0 0 0 1 0 0 0 0 0])
  ("array" .
   [0 0 0 0 1])
  ("rmdir" .
   [0 0 0 1 0])
  ("$" .
   [1])
  ("echo" .
   [0 0 0 1])
  ("break" .
   [0 0 0 0 2])
  ("$fl" .
   [2 0 0])
  ("$image" .
   [1 0 0 0 0 0])
  ("$images" .
   [0 0 0 1 0 0 2])
  ("dirname" .
   [0 0 0 0 1 0 0])
  ("rename" .
   [0 0 0 0 0 2])
  ("mkdir" .
   [0 0 0 0 1])
  ("continue" .
   [0 0 0 0 0 1 0 0])
  ("$size" .
   [2 0 1 1 4])
  ("empty" .
   [0 0 0 0 1])
  ("file_exists" .
   [0 0 0 0 0 0 0 0 0 0 1])
  ("is_file" .
   [0 0 0 0 2 0 0])
  ("is_dir" .
   [0 0 0 0 1 0])
  ("$file" .
   [6 0 5 0 1])
  ("$files" .
   [1 0 0 0 0 0])
  ("foreach" .
   [0 0 0 0 1 1 2])
  ("$dir" .
   [7 0 0 0])
  ("scandir" .
   [0 0 0 0 1 0 1])
  ("scale" .
   [0 0 0 1 0])
  ("cl-ppcre" .
   [0 0 0 0 0 0 0 1])
  ("log" .
   [9 0 0])
  ("console" .
   [2 0 0 0 0 3 4])
  ("res" .
   [2 0 0])
  ("count" .
   [3 0 0 0 0])
  ("name" .
   [2 0 0 0])
  ("test" .
   [7 0 0 0])
  ("div" .
   [2 1 0])
  ("form" .
   [1 0 0 0])
  ("tex-command" .
   [0 0 0 0 0 0 1 0 0 0 0])
  ("ql:quickload" .
   [0 0 1 3 2 1 0 0 0 0 0 0])
  ("vecto" .
   [0 0 0 1 0])
  ("quicklisp" .
   [0 0 0 0 0 1 0 0 2])
  ("CL-USER>" .
   [0 0 0 1 1 0 0 1])
  ("print" .
   [2 0 0 0 1])
  ("format" .
   [1 0 0 0 0 0])
  ("/bin/sh" .
   [0 0 0 0 1 0 0])
  ("/home/wh1/test.txt" .
   [0 0 0 0 1 0 0 0 0 0 0 0 0 0 0 0 0 0])
  ("defparameter" .
   [0 0 0 1 0 0 0 0 0 0 0 0])
  ("*image*" .
   [0 0 0 1 0 1 2])
  ("imago:resize" .
   [0 0 0 0 0 0 0 1 0 1 0 0])
  ("/home/wh1/1.jpg" .
   [0 0 0 0 0 0 0 0 0 0 0 1 0 0 0])
  ("exit" .
   [6 0 0 0])
  ("run-examples" .
   [0 0 0 0 1 0 0 0 0 0 0 1])
  ("RUNNING" .
   [1 0 0 0 0 0 0])
  ("SBCL" .
   [1 0 0 0])
  ("php" .
   [2 0 0])
  ("f" .
   [1])
  ("function" .
   [0 0 0 0 0 0 0 2])
  ("$matches" .
   [0 0 0 3 0 0 0 0])
  ("$asString" .
   [0 0 0 1 0 0 0 0 0])
  ("return" .
   [0 0 0 1 1 4])
  ("var_dump" .
   [0 0 0 0 0 6 0 4])
  ("getAllTables" .
   [1 0 0 0 0 0 1 0 0 0 0 0])
  ("true" .
   [3 0 0 0])
  ("false" .
   [2 0 0 0 0])
  ("obfuscator" .
   [0 0 0 1 0 0 0 0 0 0])
  ("save" .
   [0 0 0 1])
  ("phpinfo" .
   [0 0 0 2 0 0 0])
  ("strrev" .
   [0 0 0 0 1 0])
  ("lengths" .
   [0 0 1 0 0 0 0])
  ("strlen" .
   [0 0 0 0 2 1])
  ("str_pad" .
   [0 0 0 0 0 0 2])
  ("int" .
   [3 0 0])
  ("$tmp" .
   [1 0 0 1])
  ("$mind" .
   [1 0 0 1 0])
  ("plus" .
   [3 0 0 0])
  ("cl-gd" .
   [4 0 0 1 5])
  ("in-package" .
   [1 0 0 0 2 3 0 0 0 0])
  ("import" .
   [1 0 0 0 0 0])
  (":cl-gd" .
   [1 0 0 0 0 3])
  (":cl-user" .
   [0 0 0 0 0 3 0 0])
  ("directory" .
   [0 0 1 0 0 0 0 0 0])
  ("make-pathname" .
   [0 0 1 0 0 0 0 0 0 0 0 0 0])
  (":directory" .
   [0 0 0 0 1 0 0 0 0 0])
  (":absolute" .
   [0 0 1 0 0 0 0 0 0])
  (":name" .
   [1 0 0 0 0])
  (":wild" .
   [1 0 0 0 0])
  (":type" .
   [1 0 0 0 0])
  ("lisp" .
   [1 0 0 0])
  ("width" .
   [1 0 0 0 1])
  ("HEIGHT" .
   [1 0 0 0 0 0])
  ("height" .
   [1 0 0 0 0 0])
  ("cl-gd::draw-freetype-string" .
   [0 0 0 0 0 0 0 0 0 0 0 0 0 0 0 1 0 0 0 0 0 0 0 0 0 0 0])
  ("setf" .
   [1 0 0 0])
  ("require" .
   [0 0 0 0 0 0 1])
  ("fuzzy" .
   [1 0 0 0 0])
  ("lla-tests" .
   [0 0 0 1 0 0 0 0 0])
  ("cffi" .
   [0 0 1 2])
  ("cffi::machine-version" .
   [0 0 0 0 0 0 1 0 0 0 0 0 0 0 0 0 0 0 0 0 0])
  ("CFFI" .
   [0 0 0 1])
  ("alexandria" .
   [0 0 0 1 0 0 0 0 0 1])
  ("mgl" .
   [1 0 0])
  ("clml:+linear-kernel+" .
   [0 0 0 0 0 1 1 0 0 0 0 0 0 0 0 0 0 0 0 0])
  ("SVM" .
   [0 0 1])
  ("linear-fcn" .
   [0 0 0 0 0 0 1 0 0 0])
  ("Node" .
   [1 0 0 0])
  ("length" .
   [0 0 0 1 0 4])
  ("push" .
   [1 0 0 0])
  ("points" .
   [5 0 2 4 2 0])
  ("random" .
   [2 0 0 1 0 0])
  ("undefined" .
   [0 0 1 4 1 0 0 1 0])
  ("constructor" .
   [0 0 0 0 1 0 0 0 0 0 0])
  ("req" .
   [2 0 0])
  ("px" .
   [11 0])
  ("py" .
   [11 0])
  ("this" .
   [0 0 1 0])
  ("pop" .
   [4 0 0])
  ("place" .
   [7 0 0 0 0])
  ("maxX" .
   [2 0 0 6])
  ("maxy" .
   [1 0 0 0])
  ("maxY" .
   [7 0 0 0])
  ("Math" .
   [0 0 0 1])
  ("var_export" .
   [0 0 0 0 0 0 4 0 0 0])
  ("$plen" .
   [0 0 0 1 0])
  ("$data" .
   [1 0 0 0 0])
  ("array_merge" .
   [0 0 0 0 0 0 0 0 0 0 1])
  ("$all_offsets" .
   [0 0 0 0 2 0 0 0 0 0 0 0])
  ("$offsets" .
   [0 0 0 0 1 0 0 0])
  ("strpos" .
   [0 0 0 0 0 1])
  ("$text" .
   [4 0 3 1 0])
  ("$alphabet" .
   [0 0 0 1 1 0 0 0 0])
  ("$indexes" .
   [0 0 0 4 0 1 0 0])
  ("$pos" .
   [1 0 0 0])
  ("isset" .
   [0 0 0 0 1])
  ("mb_substr" .
   [0 0 0 0 0 0 1 0 0])
  ("ksort" .
   [0 0 1 0 0])
  ("$sum" .
   [1 0 0 0])
  ("$i" .
   [7 0])
  ("$j" .
   [7 0])
  ("$groups" .
   [2 0 0 4 0 0 0])
  ("make_group" .
   [0 0 0 0 0 1 0 0 0 0])
  ("$sums" .
   [3 0 0 0 0])
  ("array_map" .
   [0 0 0 0 0 0 0 0 1])
  ("array_reduce" .
   [0 0 0 0 0 0 0 0 1 1 0 0])
  ("mb_strlen" .
   [0 0 0 0 0 0 0 2 0])
  ("calc_index" .
   [0 0 0 0 0 1 0 0 0 0])))
